0.209000    
0.207508    
0.206026    
0.204555    
0.203094    
0.201644    
0.200204    
0.198775    
0.197355    
0.195946    
0.194547    
0.193158    
0.191779    
0.190409    
0.189050    
0.187700    
0.186360    
0.185029    
0.183708    
0.182396    
0.390094    
0.387308    
0.384543    
0.381797    
0.379071    
0.376364    
0.373677    
0.371009    
0.368359    
0.365729    
0.363118    
0.360525    
0.357951    
0.355395    
0.352857    
0.350338    
0.347836    
0.345352    
0.342886    
0.340438    
0.547007    
0.543101    
0.539223    
0.535373    
0.531550    
0.527755    
0.523987    
0.520245    
0.516530    
0.512842    
0.509180    
0.505545    
0.501935    
0.498351    
0.494792    
0.491259    
0.487752    
0.484269    
0.480811    
0.477378    
0.682969    
0.678093    
0.673251    
0.668443    
0.663671    
0.658932    
0.654227    
0.649555    
0.644917    
0.640312    
0.635740    
0.631201    
0.626694    
0.622219    
0.617776    
0.613365    
0.608985    
0.604637    
0.600320    
0.596033    
0.800777    
0.795059    
0.789382    
0.783746    
0.778150    
0.772593    
0.767077    
0.761599    
0.756161    
0.750762    
0.745401    
0.740079    
0.734795    
0.729548    
0.724339    
0.719167    
0.714031    
0.708933    
0.703871    
0.698845    
0.902855    
0.896408    
0.890008    
0.883653    
0.877343    
0.871078    
0.864859    
0.858683    
0.852552    
0.846464    
0.840420    
0.834419    
0.828461    
0.822546    
0.816673    
0.810841    
0.805052    
0.799303    
0.793596    
0.787929    
0.991303    
0.984225    
0.977197    
0.970220    
0.963292    
0.956414    
0.949584    
0.942804    
0.936072    
0.929388    
0.922752    
0.916163    
0.909622    
0.903126    
0.896678    
0.890275    
0.883918    
0.877607    
0.871340    
0.865119    
1.067941    
1.060316    
1.052745    
1.045228    
1.037765    
1.030354    
1.022997    
1.015693    
1.008440    
1.001240    
0.994091    
0.986992    
0.979945    
0.972948    
0.966001    
0.959103    
0.952255    
0.945455    
0.938704    
0.932002    
1.134347    
1.126247    
1.118205    
1.110221    
1.102293    
1.094423    
1.086608    
1.078849    
1.071146    
1.063498    
1.055904    
1.048364    
1.040879    
1.033446    
1.026067    
1.018741    
1.011466    
1.004244    
0.997074    
0.989954    
1.191886    
1.183375    
1.174925    
1.166536    
1.158206    
1.149936    
1.141725    
1.133573    
1.125479    
1.117443    
1.109464    
1.101542    
1.093676    
1.085867    
1.078113    
1.070415    
1.062772    
1.055184    
1.047649    
1.040169    
1.241741    
1.232875    
1.224072    
1.215331    
1.206653    
1.198037    
1.189483    
1.180990    
1.172557    
1.164185    
1.155872    
1.147618    
1.139424    
1.131288    
1.123210    
1.115190    
1.107227    
1.099321    
1.091472    
1.083678    
1.284940    
1.275765    
1.266656    
1.257612    
1.248632    
1.239716    
1.230864    
1.222075    
1.213349    
1.204686    
1.196084    
1.187543    
1.179064    
1.170645    
1.162286    
1.153987    
1.145747    
1.137566    
1.129443    
1.121378    
1.322371    
1.312929    
1.303554    
1.294247    
1.285005    
1.275830    
1.266720    
1.257675    
1.248695    
1.239779    
1.230926    
1.222137    
1.213410    
1.204746    
1.196144    
1.187603    
1.179123    
1.170704    
1.162344    
1.154045    
1.354804    
1.345131    
1.335526    
1.325990    
1.316522    
1.307121    
1.297788    
1.288521    
1.279321    
1.270186    
1.261116    
1.252111    
1.243171    
1.234294    
1.225481    
1.216731    
1.208043    
1.199417    
1.190853    
1.182349    
1.382907    
1.373033    
1.363229    
1.353495    
1.343830    
1.334235    
1.324708    
1.315249    
1.305857    
1.296533    
1.287275    
1.278084    
1.268958    
1.259897    
1.250901    
1.241969    
1.233101    
1.224296    
1.215554    
1.206875    
1.407257    
1.397209    
1.387232    
1.377327    
1.367492    
1.357728    
1.348033    
1.338408    
1.328851    
1.319363    
1.309942    
1.300588    
1.291302    
1.282081    
1.272927    
1.263838    
1.254813    
1.245853    
1.236958    
1.228125    
1.428356    
1.418157    
1.408031    
1.397977    
1.387995    
1.378084    
1.368244    
1.358474    
1.348774    
1.339144    
1.329582    
1.320088    
1.310662    
1.301303    
1.292012    
1.282786    
1.273627    
1.264532    
1.255503    
1.246538    
1.446638    
1.436308    
1.426052    
1.415870    
1.405760    
1.395722    
1.385756    
1.375862    
1.366038    
1.356284    
1.346599    
1.336984    
1.327437    
1.317959    
1.308548    
1.299205    
1.289928    
1.280717    
1.271573    
1.262493    
1.462478    
1.452036    
1.441668    
1.431374    
1.421153    
1.411005    
1.400931    
1.390927    
1.380996    
1.371135    
1.361344    
1.351624    
1.341973    
1.332391    
1.322877    
1.313431    
1.304052    
1.294741    
1.285496    
1.276317    
1.476204    
1.465663    
1.455198    
1.444807    
1.434491    
1.424248    
1.414078    
1.403981    
1.393956    
1.384003    
1.374121    
1.364309    
1.354567    
1.344895    
1.335292    
1.325758    
1.316291    
1.306892    
1.297561    
1.288296    
1.488097    
1.477471    
1.466922    
1.456447    
1.446048    
1.435722    
1.425471    
1.415292    
1.405187    
1.395153    
1.385191    
1.375300    
1.365480    
1.355730    
1.346050    
1.336439    
1.326896    
1.317421    
1.308014    
1.298675    
1.498402    
1.487703    
1.477080    
1.466533    
1.456061    
1.445665    
1.435342    
1.425093    
1.414918    
1.404814    
1.394784    
1.384824    
1.374936    
1.365119    
1.355371    
1.345693    
1.336084    
1.326544    
1.317072    
1.307668    
1.507331    
1.496568    
1.485882    
1.475272    
1.464738    
1.454279    
1.443895    
1.433585    
1.423349    
1.413186    
1.403095    
1.393076    
1.383129    
1.373253    
1.363448    
1.353712    
1.344046    
1.334449    
1.324921    
1.315460    
1.515067    
1.504249    
1.493509    
1.482844    
1.472256    
1.461744    
1.451306    
1.440943    
1.430655    
1.420439    
1.410297    
1.400227    
1.390229    
1.380302    
1.370446    
1.360660    
1.350945    
1.341299    
1.331721    
1.322212    
1.521771    
1.510905    
1.500117    
1.489405    
1.478770    
1.468212    
1.457728    
1.447319    
1.436985    
1.426724    
1.416537    
1.406422    
1.396380    
1.386409    
1.376510    
1.366681    
1.356922    
1.347233    
1.337614    
1.328063    
1.527580    
1.516672    
1.505843    
1.495090    
1.484415    
1.473816    
1.463292    
1.452844    
1.442470    
1.432170    
1.421944    
1.411791    
1.401710    
1.391701    
1.381764    
1.371898    
1.362102    
1.352376    
1.342719    
1.333132    
1.532613    
1.521669    
1.510804    
1.500017    
1.489306    
1.478671    
1.468113    
1.457630    
1.447223    
1.436889    
1.426629    
1.416442    
1.406328    
1.396287    
1.386317    
1.376418    
1.366590    
1.356832    
1.347143    
1.337524    
1.536974    
1.525999    
1.515103    
1.504285    
1.493544    
1.482879    
1.472291    
1.461778    
1.451340    
1.440977    
1.430688    
1.420473    
1.410330    
1.400260    
1.390261    
1.380334    
1.370478    
1.360692    
1.350977    
1.341330    
1.540753    
1.529751    
1.518828    
1.507983    
1.497216    
1.486525    
1.475911    
1.465372    
1.454909    
1.444520    
1.434206    
1.423965    
1.413797    
1.403702    
1.393679    
1.383728    
1.373848    
1.364038    
1.354298    
1.344628    
1.544027    
1.533002    
1.522056    
1.511188    
1.500397    
1.489684    
1.479047    
1.468486    
1.458000    
1.447590    
1.437254    
1.426991    
1.416802    
1.406685    
1.396641    
1.386668    
1.376767    
1.366936    
1.357176    
1.347485    
1.337864    
1.328311    
1.318826    
1.309409    
1.300060    
1.499777    
1.489068    
1.478435    
1.467879    
1.457398    
1.446991    
1.436659    
1.426401    
1.416216    
1.406104    
1.396064    
1.386095    
1.376198    
1.366371    
1.356615    
1.346928    
1.337311    
1.327762    
1.318281    
1.308868    
1.299522    
1.290243    
1.281030    
1.271883    
1.262802    
1.253785    
1.244832    
1.235944    
1.227119    
1.218357    
1.209657    
1.201019    
1.192444    
1.183929    
1.175476    
1.167082    
1.158749    
1.150475    
1.142260    
1.134104    
1.126006    
1.117966    
1.109983    
1.102058    
1.094189    
1.086376    
1.078619    
1.070917    
1.063270    
1.055678    
1.257140    
1.248164    
1.239251    
1.230403    
1.221617    
1.212894    
1.204234    
1.195635    
1.187098    
1.178621    
1.170206    
1.161850    
1.153554    
1.145317    
1.137139    
1.129020    
1.120958    
1.112954    
1.105007    
1.097117    
1.089283    
1.081505    
1.073783    
1.066115    
1.058503    
1.050945    
1.043441    
1.035990    
1.028593    
1.021248    
1.013956    
1.006716    
0.999528    
0.992391    
0.985305    
0.978269    
0.971284    
0.964349    
0.957463    
0.950627    
0.943839    
0.937099    
0.930408    
0.923765    
0.917169    
0.910620    
0.904118    
0.897662    
0.891252    
0.884888    
0.878570    
0.872296    
0.866068    
0.859884    
0.853744    
0.847648    
0.841596    
0.835586    
0.829620    
0.823696    
0.817815    
0.811975    
0.806177    
0.800421    
0.794705    
0.789031    
0.783397    
0.777803    
0.772250    
0.766735    
0.761261    
0.755825    
0.750428    
0.745070    
0.739750    
0.734468    
0.729223    
0.724016    
0.718847    
0.713714    
0.708618    
0.703558    
0.698534    
0.693546    
0.688594    
0.683677    
0.678796    
0.673949    
0.669137    
0.664359    
0.659615    
0.654905    
0.650229    
0.645586    
0.640976    
0.636399    
0.631855    
0.627343    
0.622864    
0.618417    
0.823001    
0.817124    
0.811290    
0.805497    
0.799745    
0.794035    
0.788365    
0.782736    
0.777147    
0.771598    
0.766088    
0.760618    
0.755187    
0.749795    
0.744441    
0.739125    
0.733848    
0.728608    
0.723405    
0.718240    
0.713111    
0.708019    
0.702964    
0.697944    
0.692961    
0.688013    
0.683100    
0.678223    
0.673380    
0.668572    
0.663798    
0.659058    
0.654352    
0.649680    
0.645041    
0.640435    
0.635862    
0.631322    
0.626814    
0.622338    
0.617895    
0.613483    
0.609102    
0.604753    
0.600435    
0.596147    
0.591891    
0.587664    
0.583468    
0.579302    
0.575166    
0.571059    
0.566981    
0.562933    
0.558913    
0.554922    
0.550960    
0.547026    
0.543120    
0.539242    
0.535392    
0.531569    
0.527773    
0.524005    
0.520263    
0.516548    
0.512860    
0.509198    
0.505562    
0.501952    
0.498368    
0.494809    
0.491276    
0.487768    
0.484285    
0.480828    
0.477394    
0.473985    
0.470601    
0.467241    
0.463904    
0.460592    
0.457303    
0.454038    
0.450796    
0.447577    
0.444381    
0.441208    
0.438058    
0.434930    
0.431824    
0.428741    
0.425680    
0.422640    
0.419622    
0.416626    
0.413651    
0.410698    
0.407765    
0.404853    
0.401963    
0.399092    
0.396243    
0.393413    
0.390604    
0.387815    
0.385046    
0.382297    
0.379567    
0.376857    
0.374166    
0.371494    
0.368842    
0.366208    
0.363593    
0.360997    
0.358419    
0.355860    
0.353319    
0.350796    
0.348291    
0.345804    
0.343335    
0.340884    
0.338450    
0.336033    
0.333634    
0.331251    
0.328886    
0.326538    
0.324206    
0.321891    
0.319593    
0.317311    
0.315045    
0.312795    
0.310562    
0.308344    
0.306143    
0.303957    
0.301786    
0.299632    
0.297492    
0.295368    
0.293259    
0.291165    
0.289086    
0.287022    
0.284972    
0.282937    
0.280917    
0.278911    
0.276920    
0.274942    
0.272979    
0.271030    
0.269095    
0.267173    
0.265266    
0.263372    
0.261491    
0.259624    
0.257770    
0.255929    
0.254102    
0.252288    
0.250486    
0.248698    
0.246922    
0.245159    
0.243408    
0.241670    
0.239945    
0.238231    
0.236530    
0.234841    
0.233165    
0.231500    
0.229847    
0.228205    
0.226576    
0.224958    
0.223352    
0.221757    
0.220174    
0.218601    
0.217041    
0.215491    
0.213952    
0.212424    
0.210908    
0.209402    
0.207907    
0.206422    
0.204948    
0.203485    
0.202032    
0.200589    
0.199157    
0.197735    
0.196323    
0.194921    
0.193529    
0.192147    
0.190775    
0.189413    
0.188061    
0.186718    
0.185385    
0.184061    
0.182747    
0.181442    
0.180146    
0.178860    
0.177583    
0.176315    
0.175056    
0.173806    
0.172565    
0.171333    
0.170109    
0.168895    
0.167689    
0.166491    
0.165302    
0.164122    
0.162950    
0.161787    
0.160632    
0.159485    
0.158346    
0.157215    
0.156093    
0.154978    
0.153871    
0.152773    
0.151682    
0.150599    
0.149523    
0.148456    
0.147396    
0.146343    
0.145298    
0.144261    
0.143231    
0.142208    
0.141193    
0.140185    
0.139184    
0.138190    
0.137203    
0.136223    
0.135251    
0.134285    
0.133326    
0.132374    
0.131429    
0.130490    
0.129559    
0.128634    
0.127715    
0.126803    
0.125898    
0.124999    
0.124106    
0.123220    
0.122340    
0.121467    
0.120599    
0.119738    
0.118883    
0.118034    
0.117192    
0.116355    
0.115524    
0.114699    
0.113880    
0.113067    
0.112260    
0.111458    
0.110662    
0.109872    
0.109087    
0.108309    
0.107535    
0.106767    
0.106005    
0.105248    
0.104497    
0.103750    
0.103010    
0.102274    
0.101544    
0.100819    
0.100099    
0.099384    
0.098674    
0.097970    
0.097270    
0.096576    
0.304886    
0.302709    
0.300548    
0.298402    
0.296271    
0.294156    
0.292055    
0.289970    
0.287899    
0.285844    
0.283803    
0.281776    
0.279764    
0.277767    
0.275783    
0.273814    
0.271859    
0.269918    
0.267990    
0.266077    
0.264177    
0.262291    
0.260418    
0.258558    
0.256712    
0.254879    
0.253059    
0.251252    
0.249458    
0.247677    
0.245908    
0.244153    
0.242409    
0.240678    
0.238960    
0.237254    
0.235559    
0.233877    
0.232207    
0.230549    
0.228903    
0.227269    
0.225646    
0.224035    
0.222435    
0.220847    
0.219270    
0.217704    
0.216150    
0.214606    
0.213074    
0.211553    
0.210042    
0.208542    
0.207053    
0.205575    
0.204107    
0.202649    
0.201202    
0.199766    
0.198339    
0.196923    
0.195517    
0.194121    
0.192735    
0.191359    
0.189992    
0.188636    
0.187289    
0.185951    
0.184624    
0.183305    
0.181997    
0.180697    
0.179407    
0.178126    
0.176854    
0.175591    
0.174337    
0.173092    
0.171857    
0.170629    
0.169411    
0.168201    
0.167000    
0.165808    
0.164624    
0.163449    
0.162281    
0.161123    
0.159972    
0.158830    
0.157696    
0.156570    
0.155452    
0.154342    
0.153240    
0.152146    
0.151059    
0.149981    
0.148910    
0.147846    
0.146791    
0.145743    
0.144702    
0.143669    
0.142643    
0.141624    
0.140613    
0.139609    
0.138612    
0.137623    
0.136640    
0.135664    
0.134695    
0.133734    
0.132779    
0.131831    
0.130889    
0.129955    
0.129027    
0.128106    
0.127191    
0.126283    
0.125381    
0.124486    
0.123597    
0.122714    
0.121838    
0.120968    
0.120104    
0.119247    
0.118395    
0.117550    
0.116711    
0.115877    
0.115050    
0.114228    
0.113413    
0.112603    
0.111799    
0.111001    
0.110208    
0.109421    
0.108640    
0.107864    
0.107094    
0.106329    
0.105570    
0.104816    
0.104068    
0.103325    
0.102587    
0.101854    
0.101127    
0.100405    
0.099688    
0.098976    
0.098269    
0.097568    
0.096871    
0.096179    
0.095493    
0.094811    
0.094134    
0.093462    
0.092794    
0.092132    
0.091474    
0.090821    
0.090172    
0.089528    
0.088889    
0.088254    
0.087624    
0.086999    
0.086377    
0.085761    
0.085148    
0.084540    
0.083937    
0.083337    
0.082742    
0.082151    
0.081565    
0.080982    
0.080404    
0.079830    
0.079260    
0.078694    
0.078132    
0.077574    
0.077020    
0.076470    
0.075924    
0.075382    
0.074844    
0.074310    
0.073779    
0.073252    
0.072729    
0.072210    
0.071694    
0.071182    
0.070674    
0.070169    
0.069668    
0.069171    
0.068677    
0.068187    
0.067700    
0.067216    
0.066736    
0.066260    
0.065787    
0.065317    
0.064851    
0.064388    
0.063928    
0.063471    
0.063018    
0.062568    
0.062121    
0.061678    
0.061237    
0.060800    
0.060366    
0.059935    
0.059507    
0.059082    
0.058660    
0.058241    
0.057826    
0.057413    
0.057003    
0.056596    
0.056192    
0.055790    
0.055392    
0.054996    
0.054604    
0.054214    
0.053827    
0.053442    
0.053061    
0.052682    
0.052306    
0.051932    
0.051561    
0.051193    
0.050828    
0.050465    
0.050105    
0.049747    
0.049392    
0.049039    
0.048689    
0.048341    
0.047996    
0.047653    
0.047313    
0.046975    
0.046640    
0.046307    
0.045976    
0.045648    
0.045322    
0.044998    
0.044677    
0.044358    
0.044041    
0.043727    
0.043414    
0.043104    
0.042797    
0.042491    
0.042188    
0.041886    
0.041587    
0.041290    
0.040996    
0.040703    
0.040412    
0.040124    
0.039837    
0.039553    
0.039270    
0.038990    
0.038711    
0.038435    
0.038161    
0.037888    
0.037618    
0.037349    
0.037082    
0.036818    
0.036555    
0.036294    
0.036034    
0.035777    
0.035522    
0.035268    
0.035016    
0.034766    
0.034518    
0.034271    
0.034027    
0.033784    
0.033543    
0.033303    
0.033065    
0.032829    
0.032595    
0.032362    
0.032131    
0.031902    
0.031674    
0.031448    
0.031223    
0.031000    
0.030779    
0.030559    
0.030341    
0.030124    
0.029909    
0.029695    
0.029483    
0.029273    
0.029064    
0.028856    
0.028650    
0.028446    
0.028243    
0.028041    
0.027841    
0.027642    
0.027445    
0.027249    
0.027054    
0.026861    
0.026669    
0.026479    
0.026290    
0.026102    
0.025915    
0.025730    
0.025547    
0.025364    
0.025183    
0.025003    
0.024825    
0.024648    
0.024472    
0.024297    
0.024123    
0.023951    
0.023780    
0.023610    
0.023442    
0.023274    
0.023108    
0.022943    
0.022779    
0.022617    
0.022455    
0.022295    
0.022136    
0.021978    
0.021821    
0.021665    
0.021510    
0.021357    
0.021204    
0.021053    
0.020902    
0.020753    
0.020605    
0.020458    
0.020312    
0.020167    
0.020023    
0.019880    
0.019738    
0.019597    
0.019457    
0.019318    
0.019180    
0.019043    
0.018907    
0.018772    
0.018638    
0.018505    
0.018373    
0.018242    
0.018111    
0.017982    
0.017854    
0.017726    
0.017600    
0.017474    
0.017349    
0.017225    
0.017102    
0.016980    
0.016859    
0.016739    
0.016619    
0.016500    
0.016383    
0.016266    
0.016149    
0.016034    
0.015920    
0.015806    
0.015693    
0.015581    
0.015470    
0.015359    
0.015250    
0.015141    
0.015033    
0.014925    
0.014819    
0.014713    
0.014608    
0.014504    
0.014400    
0.014297    
0.014195    
0.014094    
0.013993    
0.013893    
0.013794    
0.013696    
0.013598    
0.013501    
0.013404    
0.013309    
0.013213    
0.013119    
0.013025    
0.012932    
0.012840    
0.012748    
0.012657    
0.012567    
0.012477    
0.012388    
0.012300    
0.012212    
0.012125    
0.012038    
0.011952    
0.011867    
0.011782    
0.011698    
0.011614    
0.011532    
0.011449    
0.011367    
0.011286    
0.011206    
0.011126    
0.011046    
0.010967    
0.010889    
0.010811    
0.010734    
0.010657    
0.010581    
0.010506    
0.010431    
0.010356    
0.010282    
0.010209    
0.010136    
0.010064    
0.009992    
0.009920    
0.009850    
0.009779    
0.009709    
0.009640    
0.009571    
0.009503    
0.009435    
0.009368    
0.009301    
0.009234    
0.009168    
0.009103    
0.009038    
0.008973    
0.008909    
0.008846    
0.008783    
0.008720    
0.008658    
0.008596    
0.008534    
0.008474    
0.008413    
0.008353    
0.008293    
0.008234    
0.008175    
0.008117    
0.008059    
0.008001    
0.007944    
0.007888    
0.007831    
0.007775    
0.007720    
0.007665    
0.007610    
0.007556    
0.007502    
0.007448    
0.007395    
0.007342    
0.007290    
0.007238    
0.007186    
0.007135    
0.007084    
0.007033    
0.006983    
0.006933    
0.006884    
0.006834    
0.006786    
0.006737    
0.006689    
0.006641    
0.006594    
0.006547    
0.006500    
0.006454    
0.006408    
0.006362    
0.006316    
0.006271    
0.006226    
0.006182    
0.006138    
0.006094    
0.006051    
0.006007    
0.005964    
0.005922    
0.005880    
0.005838    
0.005796    
0.005755    
0.005713    
0.005673    
0.005632    
0.005592    
0.005552    
0.005512    
0.005473    
0.005434    
0.005395    
0.005357    
0.005318    
0.005280    
0.005243    
0.005205    
0.005168    
0.005131    
0.005095    
0.005058    
0.005022    
0.004986    
0.004951    
0.004915    
0.004880    
0.004845    
0.004811    
0.004776    
0.004742    
0.004708    
0.004675    
0.004641    
0.004608    
0.004575    
0.004543    
0.004510    
0.004478    
0.004446    
0.004414    
0.004383    
0.004351    
0.004320    
0.004290    
0.004259    
0.004228    
0.004198    
0.004168    
0.004139    
0.004109    
0.004080    
0.004051    
0.004022    
0.003993    
0.003964    
0.003936    
0.003908    
0.003880    
0.003852    
0.003825    
0.003798    
0.003770    
0.003744    
0.003717    
0.003690    
0.003664    
0.003638    
0.003612    
0.003586    
0.003560    
0.003535    
0.003510    
0.003485    
0.003460    
0.003435    
0.003411    
0.003386    
0.003362    
0.003338    
0.003314    
0.003290    
0.003267    
0.003244    
0.003221    
0.003198    
0.003175    
0.003152    
0.003130    
0.003107    
0.003085    
0.003063    
0.003041    
0.003019    
0.002998    
0.002976    
0.002955    
0.002934    
0.002913    
0.002892    
0.002872    
0.002851    
0.002831    
0.002811    
0.002790    
0.002771    
0.002751    
0.002731    
0.002712    
0.002692    
0.002673    
0.002654    
0.002635    
0.002616    
0.002598    
0.002579    
0.002561    
0.002542    
0.002524    
0.002506    
0.002488    
0.002470    
0.002453    
0.002435    
0.002418    
0.002401    
0.002383    
0.002366    
0.002350    
0.002333    
0.002316    
0.002300    
0.002283    
0.002267    
0.002251    
0.002235    
0.002219    
0.002203    
0.002187    
0.002171    
0.002156    
0.002141    
0.002125    
0.002110    
0.002095    
0.002080    
0.002065    
0.002050    
0.002036    
0.002021    
0.002007    
0.001993    
0.001978    
0.001964    
0.001950    
0.001936    
0.001922    
0.001909    
0.001895    
0.001882    
0.001868    
0.001855    
0.001842    
0.001828    
0.001815    
0.001802    
0.001789    
0.001777    
0.001764    
0.001751    
0.001739    
0.001727    
0.001714    
0.001702    
0.001690    
0.001678    
0.001666    
0.001654    
0.001642    
0.001630    
0.001619    
0.001607    
0.001596    
0.001584    
0.001573    
0.001562    
0.001551    
0.001539    
0.001528    
0.001518    
0.001507    
0.001496    
0.001485    
0.001475    
0.001464    
0.001454    
0.001443    
0.001433    
0.001423    
0.001413    
0.001403    
0.001393    
0.001383    
0.001373    
0.001363    
0.001353    
0.001344    
0.001334    
0.001324    
0.001315    
0.001306    
0.001296    
0.001287    
0.001278    
0.001269    
0.001260    
0.001251    
0.001242    
0.001233    
0.001224    
0.001215    
0.001207    
0.001198    
0.001189    
0.001181    
0.001172    
0.001164    
0.001156    
0.001148    
0.001139    
0.001131    
0.001123    
0.001115    
0.001107    
0.001099    
0.001091    
0.001084    
0.001076    
0.001068    
0.001061    
0.001053    
0.001045    
0.001038    
0.001031    
0.001023    
0.001016    
0.001009    
0.001001    
0.000994    
0.000987    
0.000980    
0.000973    
0.000966    
0.000959    
0.000952    
0.000946    
0.000939    
0.000932    
0.000926    
0.000919    
0.000912    
0.000906    
0.000899    
0.000893    
0.000887    
0.000880    
0.000874    
0.000868    
0.000862    
0.000855    
0.000849    
0.000843    
0.000837    
0.000831    
0.000825    
0.000819    
0.000814    
0.000808    
0.000802    
0.000796    
0.000791    
0.000785    
0.000779    
0.000774    
0.000768    
0.000763    
0.000757    
0.000752    
0.000747    
0.000741    
0.000736    
0.000731    
0.000725    
0.000720    
0.000715    
0.000710    
0.000705    
0.000700    
0.000695    
0.000690    
0.000685    
0.000680    
0.000675    
0.000670    
0.000666    
0.000661    
0.000656    
0.000652    
0.000647    
0.000642    
0.000638    
0.000633    
0.000629    
0.000624    
0.000620    
0.000615    
0.000611    
0.000606    
0.000602    
0.000598    
0.000594    
0.000589    
0.000585    
0.000581    
0.000577    
0.000573    
0.000569    
0.000565    
0.000560    
0.000556    
0.000553    
0.000549    
0.000545    
0.000541    
0.000537    
0.000533    
0.000529    
0.000525    
0.000522    
0.000518    
0.000514    
0.000511    
0.000507    
0.000503    
0.000500    
0.000496    
0.000493    
0.000489    
0.000486    
0.000482    
0.000479    
0.000475    
0.000472    
0.000469    
0.000465    
0.000462    
0.000459    
0.000455    
0.000452    
0.000449    
0.000446    
0.000442    
0.000439    
0.000436    
0.000433    
0.000430    
0.000427    
0.000424    
0.000421    
0.000418    
0.000415    
0.000412    
0.000409    
0.000406    
0.000403    
0.000400    
0.000397    
0.000395    
0.000392    
0.000389    
0.000386    
0.000383    
0.000381    
0.000378    
0.000375    
0.000373    
0.000370    
0.000367    
0.000365    
0.000362    
0.000359    
0.000357    
0.000354    
0.000352    
0.000349    
0.000347    
0.000344    
0.000342    
0.000339    
0.000337    
0.000335    
0.000332    
0.000330    
0.000327    
0.000325    
0.000323    
0.000320    
0.000318    
0.000316    
0.000314    
0.000311    
0.000309    
0.000307    
0.000305    
0.000303    
0.000300    
0.000298    
0.000296    
0.000294    
0.000292    
0.000290    
0.000288    
0.000286    
0.000284    
0.000282    
0.000280    
0.000278    
0.000276    
0.000274    
0.000272    
0.000270    
0.000268    
0.000266    
0.000264    
0.000262    
0.000260    
0.000258    
0.000257    
0.000255    
0.000253    
0.000251    
0.000249    
0.000248    
0.000246    
0.000244    
0.000242    
0.000241    
0.000239    
0.000237    
0.000236    
0.209234    
0.207740    
0.206256    
0.204784    
0.203322    
0.201870    
0.200428    
0.198997    
0.197576    
0.196165    
0.194765    
0.193374    
0.191993    
0.190622    
0.189261    
0.187910    
0.186568    
0.185236    
0.183913    
0.182600    
0.181296    
0.180002    
0.178717    
0.177440    
0.176173    
0.174915    
0.173667    
0.172426    
0.171195    
0.169973    
0.168759    
0.167554    
0.166358    
0.165170    
0.163991    
0.162820    
0.161657    
0.160503    
0.159357    
0.158219    
0.157089    
0.155967    
0.154854    
0.153748    
0.152650    
0.151560    
0.150478    
0.149404    
0.148337    
0.147278    
0.146226    
0.145182    
0.144145    
0.143116    
0.142094    
0.141079    
0.140072    
0.139072    
0.138079    
0.137093    
0.136114    
0.135142    
0.134177    
0.133219    
0.132268    
0.131323    
0.130386    
0.129455    
0.128530    
0.127613    
0.126701    
0.125797    
0.124899    
0.124007    
0.123121    
0.122242    
0.121369    
0.120503    
0.119642    
0.118788    
0.117940    
0.117098    
0.116261    
0.115431    
0.114607    
0.113789    
0.112976    
0.112170    
0.111369    
0.110573    
0.109784    
0.109000    
0.108222    
0.107449    
0.106682    
0.105920    
0.105164    
0.104413    
0.103667    
0.102927    
0.102192    
0.101462    
0.100738    
0.100019    
0.099304    
0.098595    
0.097891    
0.097192    
0.096498    
0.095809    
0.095125    
0.094446    
0.093772    
0.093102    
0.092437    
0.091777    
0.091122    
0.090471    
0.089825    
0.089184    
0.088547    
0.087915    
0.087287    
0.086664    
0.086045    
0.085431    
0.084821    
0.084215    
0.083614    
0.083017    
0.082424    
0.081835    
0.081251    
0.080671    
0.080095    
0.079523    
0.078955    
0.078391    
0.077832    
0.077276    
0.076724    
0.076176    
0.075632    
0.075092    
0.074556    
0.074024    
0.073495    
0.072970    
0.072449    
0.071932    
0.071418    
0.070908    
0.070402    
0.069899    
0.069400    
0.068905    
0.068413    
0.067924    
0.067439    
0.066958    
0.066480    
0.066005    
0.065534    
0.065066    
0.064601    
0.064140    
0.063682    
0.063227    
0.062776    
0.062327    
0.061882    
0.061441    
0.061002    
0.060566    
0.060134    
0.059704    
0.059278    
0.058855    
0.058435    
0.058017    
0.057603    
0.057192    
0.056783    
0.056378    
0.055975    
0.055576    
0.055179    
0.054785    
0.054394    
0.054005    
0.053620    
0.053237    
0.052857    
0.052479    
0.052105    
0.051732    
0.051363    
0.050996    
0.050632    
0.050271    
0.049912    
0.049555    
0.049201    
0.048850    
0.048501    
0.048155    
0.047811    
0.047470    
0.047131    
0.046794    
0.046460    
0.046128    
0.045799    
0.045472    
0.045147    
0.044825    
0.044505    
0.044187    
0.043872    
0.043558    
0.043247    
0.042939    
0.042632    
0.042328    
0.042025    
0.041725    
0.041427    
0.041132    
0.040838    
0.040546    
0.040257    
0.039969    
0.039684    
0.039400    
0.039119    
0.038840    
0.038563    
0.038287    
0.038014    
0.037742    
0.037473    
0.037205    
0.036940    
0.036676    
0.036414    
0.036154    
0.035896    
0.035640    
0.035385    
0.035132    
0.034882    
0.034632    
0.034385    
0.034140    
0.033896    
0.033654    
0.033414    
0.033175    
0.032938    
0.032703    
0.032469    
0.032238    
0.032007    
0.031779    
0.031552    
0.031327    
0.031103    
0.030881    
0.030660    
0.030441    
0.030224    
0.030008    
0.029794    
0.029581    
0.029370    
0.029160    
0.028952    
0.028745    
0.028540    
0.028336    
0.028134    
0.027933    
0.027734    
0.027536    
0.027339    
0.027144    
0.026950    
0.026758    
0.026566    
0.026377    
0.026188    
0.026001    
0.025816    
0.025631    
0.025448    
0.025267    
0.025086    
0.024907    
0.024729    
0.024553    
0.024377    
0.024203    
0.024031    
0.023859    
0.023689    
0.023519    
0.023352    
0.023185    
0.023019    
0.022855    
0.022692    
0.022530    
0.022369    
0.022209    
0.022050    
0.021893    
0.021737    
0.021581    
0.021427    
0.021274    
0.021122    
0.020972    
0.020822    
0.020673    
0.020526    
0.020379    
0.020234    
0.020089    
0.019946    
0.019803    
0.019662    
0.019521    
0.019382    
0.019244    
0.019106    
0.018970    
0.018834    
0.018700    
0.018566    
0.018434    
0.018302    
0.018171    
0.018042    
0.017913    
0.017785    
0.017658    
0.017532    
0.017407    
0.017282    
0.017159    
0.017037    
0.016915    
0.016794    
0.016674    
0.016555    
0.016437    
0.016320    
0.016203    
0.016087    
0.015972    
0.015858    
0.015745    
0.015633    
0.015521    
0.015410    
0.015300    
0.015191    
0.015083    
0.014975    
0.014868    
0.014762    
0.014656    
0.014552    
0.014448    
0.014345    
0.014242    
0.014140    
0.014040    
0.013939    
0.013840    
0.013741    
0.013643    
0.013545    
0.013449    
0.013353    
0.013257    
0.013163    
0.013069    
0.012975    
0.012883    
0.012791    
0.012699    
0.012609    
0.012519    
0.012429    
0.012341    
0.012252    
0.012165    
0.012078    
0.011992    
0.011906    
0.011821    
0.011737    
0.011653    
0.011570    
0.011487    
0.011405    
0.011324    
0.011243    
0.011163    
0.011083    
0.011004    
0.010925    
0.010847    
0.010770    
0.010693    
0.010616    
0.010541    
0.010465    
0.010391    
0.010316    
0.010243    
0.010170    
0.010097    
0.010025    
0.009953    
0.009882    
0.009812    
0.009742    
0.009672    
0.009603    
0.009534    
0.009466    
0.009399    
0.009332    
0.009265    
0.009199    
0.009133    
0.009068    
0.009003    
0.008939    
0.008875    
0.008812    
0.008749    
0.008686    
0.008624    
0.008563    
0.008502    
0.008441    
0.008381    
0.008321    
0.008261    
0.008202    
0.008144    
0.008086    
0.008028    
0.007971    
0.007914    
0.007857    
0.007801    
0.007745    
0.007690    
0.007635    
0.007581    
0.007527    
0.007473    
0.007419    
0.007366    
0.007314    
0.007262    
0.007210    
0.007158    
0.007107    
0.007056    
0.007006    
0.006956    
0.006906    
0.006857    
0.006808    
0.006759    
0.006711    
0.006663    
0.006616    
0.006568    
0.006522    
0.006475    
0.006429    
0.006383    
0.006337    
0.006292    
0.006247    
0.006203    
0.006158    
0.006114    
0.006071    
0.006027    
0.005984    
0.005941    
0.005899    
0.005857    
0.005815    
0.005774    
0.005732    
0.005691    
0.005651    
0.005610    
0.005570    
0.005531    
0.005491    
0.005452    
0.005413    
0.005374    
0.005336    
0.005298    
0.005260    
0.005222    
0.005185    
0.005148    
0.005111    
0.005075    
0.005039    
0.005003    
0.004967    
0.004932    
0.004896    
0.004861    
0.004827    
0.004792    
0.004758    
0.004724    
0.004690    
0.004657    
0.004623    
0.004590    
0.004558    
0.004525    
0.004493    
0.004461    
0.004429    
0.004397    
0.004366    
0.004335    
0.004304    
0.004273    
0.004243    
0.004212    
0.004182    
0.004152    
0.004123    
0.004093    
0.004064    
0.004035    
0.004006    
0.003978    
0.003949    
0.003921    
0.003893    
0.003865    
0.003838    
0.003810    
0.003783    
0.003756    
0.003729    
0.003702    
0.003676    
0.003650    
0.003624    
0.003598    
0.003572    
0.003547    
0.003521    
0.003496    
0.003471    
0.003446    
0.003422    
0.003397    
0.003373    
0.003349    
0.003325    
0.003301    
0.003278    
0.003254    
0.003231    
0.003208    
0.003185    
0.003162    
0.003140    
0.003117    
0.003095    
0.003073    
0.003051    
0.003029    
0.003008    
0.002986    
0.002965    
0.002944    
0.002923    
0.002902    
0.002881    
0.002861    
0.002840    
0.002820    
0.002800    
0.002780    
0.002760    
0.002740    
0.002721    
0.002701    
0.002682    
0.002663    
0.002644    
0.002625    
0.002606    
0.002588    
0.002569    
0.002551    
0.002532    
0.002514    
0.002496    
0.002479    
0.002461    
0.002443    
0.002426    
0.002409    
0.002391    
0.002374    
0.002357    
0.002341    
0.002324    
0.002307    
0.002291    
0.002274    
0.002258    
0.002242    
0.002226    
0.002210    
0.002194    
0.002179    
0.002163    
0.002148    
0.002132    
0.002117    
0.002102    
0.002087    
0.002072    
0.002057    
0.002043    
0.002028    
0.002014    
0.001999    
0.001985    
0.001971    
0.001957    
0.001943    
0.001929    
0.001915    
0.001901    
0.001888    
0.001874    
0.001861    
0.001848    
0.001834    
0.001821    
0.001808    
0.001795    
0.001783    
0.001770    
0.001757    
0.001745    
0.001732    
0.001720    
0.001708    
0.001695    
0.001683    
0.001671    
0.001659    
0.001647    
0.001636    
0.001624    
0.001612    
0.001601    
0.001589    
0.001578    
0.001567    
0.001556    
0.001545    
0.001534    
0.001523    
0.001512    
0.001501    
0.001490    
0.001480    
0.001469    
0.001459    
0.001448    
0.001438    
0.001428    
0.001417    
0.001407    
0.001397    
0.001387    
0.001377    
0.001367    
0.001358    
0.001348    
0.001338    
0.001329    
0.001319    
0.001310    
0.001301    
0.001291    
0.001282    
0.001273    
0.001264    
0.001255    
0.001246    
0.001237    
0.001228    
0.001219    
0.001211    
0.001202    
0.001193    
0.001185    
0.001176    
0.001168    
0.001160    
0.001151    
0.001143    
0.001135    
0.001127    
0.001119    
0.001111    
0.001103    
0.001095    
0.001087    
0.001079    
0.001072    
0.001064    
0.001056    
0.001049    
0.001041    
0.001034    
0.001027    
0.001019    
0.001012    
0.001005    
0.000998    
0.000991    
0.000983    
0.000976    
0.000969    
0.000963    
0.000956    
0.000949    
0.000942    
0.000935    
0.000929    
0.000922    
0.000915    
0.000909    
0.000902    
0.000896    
0.000890    
0.000883    
0.000877    
0.000871    
0.000864    
0.000858    
0.000852    
0.000846    
0.000840    
0.000834    
0.000828    
0.000822    
0.000816    
0.000810    
0.000805    
0.000799    
0.000793    
0.000788    
0.000782    
0.000776    
0.000771    
0.000765    
0.000760    
0.000754    
0.000749    
0.000744    
0.000738    
0.000733    
0.000728    
0.000723    
0.000717    
0.000712    
0.000707    
0.000702    
0.000697    
0.000692    
0.000687    
0.000682    
0.000678    
0.000673    
0.000668    
0.000663    
0.000658    
0.000654    
0.000649    
0.000644    
0.000640    
0.000635    
0.000631    
0.000626    
0.000622    
0.000617    
0.000613    
0.000608    
0.000604    
0.000600    
0.000596    
0.000591    
0.000587    
0.000583    
0.000579    
0.000575    
0.000570    
0.000566    
0.000562    
0.000558    
0.000554    
0.000550    
0.000546    
0.000543    
0.000539    
0.000535    
0.000531    
0.000527    
0.000523    
0.000520    
0.000516    
0.000512    
0.000509    
0.000505    
0.000501    
0.000498    
0.000494    
0.000491    
0.000487    
0.000484    
0.000480    
0.000477    
0.000473    
0.000470    
0.000467    
0.000463    
0.000460    
0.000457    
0.000454    
0.000450    
0.000447    
0.000444    
0.000441    
0.000438    
0.000434    
0.000431    
0.000428    
0.000425    
0.000422    
0.000419    
0.000416    
0.000413    
0.000410    
0.000407    
0.000404    
0.000402    
0.000399    
0.000396    
0.000393    
0.000390    
0.000387    
0.000385    
0.000382    
0.000379    
0.000376    
0.000374    
0.000371    
0.000368    
0.000366    
0.000363    
0.000361    
0.000358    
0.000355    
0.000353    
0.000350    
0.000348    
0.000345    
0.000343    
0.000341    
0.000338    
0.000336    
0.000333    
0.000331    
0.000329    
0.000326    
0.000324    
0.000322    
0.000319    
0.000317    
0.000315    
0.000312    
0.000310    
0.000308    
0.000306    
0.000304    
0.000301    
0.000299    
0.000297    
0.000295    
0.000293    
0.000291    
0.000289    
0.000287    
0.000285    
0.000283    
0.000281    
0.000279    
0.000277    
0.000275    
0.000273    
0.000271    
0.000269    
0.000267    
0.000265    
0.000263    
0.000261    
0.000259    
0.000257    
0.000256    
0.000254    
0.000252    
0.000250    
0.000248    
0.000247    
0.000245    
0.000243    
0.000241    
0.000240    
0.000238    
0.000236    
0.000235    
0.000233    
0.000231    
0.000230    
0.000228    
0.000226    
0.000225    
0.000223    
0.000222    
0.000220    
0.000218    
0.000217    
0.000215    
0.000214    
0.000212    
0.000211    
0.000209    
0.000208    
0.000206    
0.000205    
0.000203    
0.000202    
0.000200    
0.000199    
0.000198    
0.000196    
0.000195    
0.000193    
0.000192    
0.000191    
0.000189    
0.000188    
0.000187    
0.000185    
0.000184    
0.000183    
0.000181    
0.000180    
0.000179    
0.000177    
0.000176    
0.000175    
0.000174    
0.000172    
0.000171    
0.000170    
0.000169    
0.000168    
0.000166    
0.000165    
0.000164    
0.000163    
0.000162    
0.000160    
0.000159    
0.000158    
0.000157    
0.000156    
0.000155    
0.000154    
0.000153    
0.000152    
0.000150    
0.000149    
0.000148    
0.000147    
0.000146    
0.000145    
0.000144    
0.000143    
0.000142    
0.000141    
0.000140    
0.000139    
0.000138    
0.000137    
0.000136    
0.000135    
0.000134    
0.000133    
0.000132    
0.000131    
0.000130    
0.000129    
0.000128    
0.000128    
0.000127    
0.000126    
0.000125    
0.000124    
0.000123    
0.000122    
0.000121    
0.000120    
0.000120    
0.000119    
0.000118    
0.000117    
0.000116    
0.000115    
0.000115    
0.000114    
0.000113    
0.000112    
0.000111    
0.000111    
0.000110    
0.000109    
0.000108    
0.000107    
0.000107    
0.000106    
0.000105    
0.000104    
0.000104    
0.000103    
0.000102    
0.000101    
0.000101    
0.000100    
0.000099    
0.000099    
0.000098    
0.000097    
0.000096    
0.000096    
0.000095    
0.000094    
0.000094    
0.000093    
0.000092    
0.000092    
0.000091    
0.000090    
0.000090    
0.000089    
0.000089    
0.000088    
0.000087    
0.000087    
0.000086    
0.000085    
0.000085    
0.000084    
0.000084    
0.000083    
0.000082    
0.000082    
0.000081    
0.000081    
0.000080    
0.000080    
0.000079    
0.000078    
0.000078    
0.000077    
0.000077    
0.000076    
0.000076    
0.000075    
0.000075    
0.000074    
0.000073    
0.000073    
0.000072    
0.000072    
0.000071    
0.000071    
0.000070    
0.000070    
0.000069    
0.000069    
0.000068    
0.000068    
0.000067    
0.000067    
0.000066    
0.000066    
0.000066    
0.000065    
0.000065    
0.000064    
0.000064    
0.000063    
0.000063    
0.000062    
0.000062    
0.000061    
0.000061    
0.000061    
0.000060    
0.000060    
0.000059    
0.000059    
0.000058    
0.000058    
0.000058    
0.000057    
0.000057    
0.000056    
0.000056    
0.000056    
0.000055    
0.000055    
0.000054    
0.000054    
0.000054    
0.000053    
0.000053    
0.000052    
0.000052    
0.000052    
0.000051    
0.000051    
0.000051    
0.000050    
0.000050    
0.000050    
0.000049    
0.000049    
0.000048    
0.000048    
0.000048    
0.000047    
0.000047    
0.000047    
0.000046    
0.000046    
0.000046    
0.000045    
0.000045    
0.000045    
0.000044    
0.000044    
0.000044    
0.000044    
0.000043    
0.000043    
0.000043    
0.000042    
0.000042    
0.000042    
0.000041    
0.000041    
0.000041    
0.000041    
0.000040    
0.000040    
0.000040    
0.000039    
0.000039    
0.000039    
0.000039    
0.000038    
0.000038    
0.000038    
0.000037    
0.000037    
0.000037    
0.000037    
0.000036    
0.000036    
0.000036    
0.000036    
0.000035    
0.000035    
0.000035    
0.000035    
0.000034    
0.000034    
0.000034    
0.000034    
0.000033    
0.000033    
0.000033    
0.000033    
0.000032    
0.000032    
0.000032    
0.000032    
0.000032    
0.000031    
0.000031    
0.000031    
0.000031    
0.000030    
0.000030    
0.000030    
0.000030    
0.000030    
0.000029    
0.000029    
0.000029    
0.000029    
0.000029    
0.000028    
0.000028    
0.000028    
0.000028    
0.000028    
0.000027    
0.000027    
0.000027    
0.000027    
0.000027    
0.000026    
0.000026    
0.000026    
0.000026    
0.000026    
0.000025    
0.000025    
0.000025    
0.000025    
0.000025    
0.000025    
0.000024    
0.000024    
0.000024    
0.000024    
0.000024    
0.000024    
0.000023    
0.000023    
0.000023    
0.000023    
0.000023    
0.000023    
0.000022    
0.000022    
0.000022    
0.000022    
0.000022    
0.000022    
0.000021    
0.000021    
0.000021    
0.000021    
0.000021    
0.000021    
0.000021    
0.000020    
0.000020    
0.000020    
0.000020    
0.000020    
0.000020    
0.000020    
0.000019    
0.000019    
0.000019    
0.000019    
0.000019    
0.000019    
0.000019    
0.000018    
0.000018    
0.000018    
0.000018    
0.000018    
0.000018    
0.000018    
0.000018    
0.000017    
0.000017    
0.000017    
0.000017    
0.000017    
0.000017    
0.000017    
0.000017    
0.000016    
0.000016    
0.000016    
0.000016    
0.000016    
0.000016    
0.000016    
0.000016    
0.000016    
0.000015    
0.000015    
0.000015    
0.000015    
0.000015    
0.000015    
0.000015    
0.000015    
0.000015    
0.000014    
0.000014    
0.000014    
0.000014    
0.000014    
0.000014    
0.000014    
0.000014    
0.000014    
0.000014    
0.000013    
0.000013    
0.000013    
0.000013    
0.000013    
0.000013    
0.000013    
0.000013    
0.000013    
0.000013    
0.000013    
0.000012    
0.000012    
0.000012    
0.000012    
0.000012    
0.000012    
0.000012    
0.000012    
0.000012    
0.000012    
0.000012    
0.000011    
0.000011    
0.000011    
0.000011    
0.000011    
0.000011    
0.000011    
0.000011    
0.000011    
0.000011    
0.000011    
0.000011    
0.000011    
0.000010    
0.000010    
0.000010    
0.000010    
0.000010    
0.000010    
0.000010    
0.000010    
0.000010    
0.000010    
0.000010    
0.000010    
0.000010    
0.000010    
0.000009    
0.000009    
0.000009    
0.000009    
0.000009    
0.000009    
0.000009    
0.000009    
0.000009    
0.000009    
0.000009    
0.000009    
0.000009    
0.000009    
0.000009    
0.000008    
0.000008    
0.000008    
0.000008    
0.000008    
0.000008    
0.000008    
0.000008    
0.000008    
0.000008    
0.000008    
0.000008    
0.000008    
0.000008    
0.000008    
0.000008    
0.000008    
0.000008    
0.000007    
0.000007    
0.000007    
0.000007    
0.000007    
0.000007    
0.000007    
0.000007    
0.000007    
0.000007    
0.000007    
0.000007    
0.000007    
0.000007    
0.000007    
0.000007    
0.000007    
0.000007    
0.000007    
0.000007    
0.000006    
0.000006    
0.000006    
0.000006    
0.000006    
0.000006    
0.000006    
0.000006    
0.000006    
0.000006    
0.000006    
0.000006    
0.000006    
0.000006    
0.000006    
0.000006    
0.000006    
0.000006    
0.000006    
0.000006    
0.000006    
0.000006    
0.000006    
0.000005    
0.000005    
0.000005    
0.000005    
0.000005    
0.000005    
0.000005    
0.000005    
0.000005    
0.000005    
0.000005    
0.000005    
0.000005    
0.000005    
0.000005    
0.000005    
0.000005    
0.000005    
0.000005    
0.000005    
0.000005    
0.000005    
0.000005    
0.000005    
0.000005    
0.000005    
0.000005    
0.000005    
0.000004    
0.000004    
0.000004    
0.000004    
0.000004    
0.000004    
0.000004    
0.000004    
0.000004    
0.000004    
0.000004    
0.000004    
0.000004    
0.000004    
0.000004    
0.000004    
0.000004    
0.000004    
0.000004    
0.000004    
0.000004    
0.000004    
0.000004    
0.000004    
0.000004    
0.000004    
0.000004    
0.000004    
0.000004    
0.000004    
0.000004    
0.000004    
0.000004    
0.000004    
0.000004    
0.000003    
0.000003    
0.000003    
0.000003    
0.000003    
0.000003    
0.000003    
0.000003    
0.000003    
0.000003    
0.000003    
0.000003    
0.000003    
0.000003    
0.000003    
0.000003    
0.000003    
0.000003    
0.000003    
0.000003    
0.000003    
0.000003    
0.000003    
0.000003    
0.000003    
0.000003    
0.000003    
0.000003    
0.000003    
0.000003    
0.000003    
0.000003    
0.000003    
0.000003    
0.000003    
0.000003    
0.000003    
0.000003    
0.000003    
0.000003    
0.000003    
0.000003    
0.000003    
0.000003    
0.000003    
0.000003    
0.000003    
0.000002    
0.000002    
0.000002    
0.000002    
0.000002    
0.000002    
0.000002    
0.000002    
0.000002    
0.000002    
0.000002    
0.000002    
0.000002    
0.000002    
0.000002    
0.000002    
0.000002    
0.000002    
0.000002    
0.000002    
0.000002    
0.000002    
0.000002    
0.000002    
0.000002    
0.000002    
0.000002    
0.000002    
0.000002    
0.000002    
0.000002    
0.000002    
0.000002    
0.000002    
0.000002    
0.000002    
0.000002    
0.000002    
0.000002    
0.000002    
0.000002    
0.000002    
0.000002    
0.000002    
0.000002    
0.000002    
0.000002    
0.000002    
0.000002    
0.000002    
0.000002    
0.000002    
0.000002    
0.000002    
0.000002    
0.000002    
0.000002    
0.000002    
0.000002    
0.000002    
0.000002    
0.000002    
0.000002    
0.000002    
0.000002    
0.000002    
0.000002    
0.000002    
0.000002    
0.000002    
0.000002    
0.000002    
0.000001    
0.000001    
0.000001    
0.000001    
0.000001    
0.000001    
0.000001    
0.000001    
0.000001    
0.000001    
0.000001    
0.000001    
0.000001    
0.000001    
0.000001    
0.000001    
0.000001    
0.000001    
0.000001    
0.000001    
0.000001    
0.000001    
0.000001    
0.000001    
0.000001    
0.000001    
0.000001    
0.000001    
0.000001    
0.000001    
0.000001    
0.000001    
0.000001    
0.000001    
0.000001    
0.000001    
0.000001    
0.000001    
0.000001    
0.000001    
0.000001    
0.000001    
0.000001    
0.000001    
0.000001    
0.000001    
0.000001    
0.000001    
0.000001    
0.000001    
0.000001    
0.000001    
0.000001    
0.000001    
0.000001    
0.000001    
0.000001    
0.000001    
0.000001    
0.000001    
0.000001    
0.000001    
0.000001    
0.000001    
0.000001    
0.000001    
0.000001    
0.000001    
0.000001    
0.000001    
0.000001    
0.000001    
0.000001    
0.000001    
0.000001    
0.000001    
0.000001    
0.000001    
0.000001    
0.000001    
0.000001    
0.000001    
0.000001    
0.000001    
0.000001    
0.000001    
0.000001    
0.000001    
0.000001    
0.000001    
0.000001    
0.000001    
0.000001    
0.000001    
0.000001    
0.000001    
0.000001    
0.000001    
0.000001    
0.000001    
0.000001    
0.000001    
0.000001    
0.000001    
0.000001    
0.000001    
0.000001    
0.000001    
0.000001    
0.000001    
0.000001    
0.000001    
0.000001    
0.000001    
0.000001    
0.000001    
0.000001    
0.000001    
0.000001    
0.000001    
0.000001    
0.000001    
0.000001    
0.000001    
0.000001    
0.000001    
0.000001    
0.000001    
0.000001    
0.000001    
0.000001    
0.000001    
0.000001    
0.000001    
0.000001    
0.000001    
0.000001    
0.000001    
0.000001    
0.000001    
0.000001    
0.000001    
0.000001    
0.000001    
0.000001    
0.000001    
0.000001    
0.000001    
0.000001    
0.000001    
0.000001    
0.000001    
0.000001    
0.000000    
0.000000    
0.000000    
0.000000    
0.000000    
0.000000    
0.000000    
0.000000    
0.000000    
0.000000    
0.000000    
0.000000    
0.000000    
0.000000    
0.000000    
0.000000    
0.000000    
0.000000    
0.000000    
0.000000    
0.000000    
0.000000    
0.000000    
0.000000    
0.000000    
0.000000    
0.000000    
0.000000    
0.000000    
0.000000    
0.000000    
0.000000    
0.000000    
0.000000    
0.000000    
0.000000    
0.000000    
0.000000    
0.000000    
0.000000    
0.000000    
0.000000    
0.000000    
0.000000    
0.000000    
0.000000    
0.000000    
0.000000    
0.000000    
0.000000    
0.000000    
0.000000    
0.000000    
0.000000    
0.000000    
0.000000    
0.000000    
0.000000    
0.000000    
0.000000    
0.000000    
0.000000    
0.000000    
0.000000    
0.000000    
0.000000    
0.000000    
0.000000    
0.000000    
0.000000    
0.000000    
0.000000    
0.000000    
0.000000    
0.000000    
0.000000    
0.000000    
0.000000    
0.000000    
0.000000    
0.000000    
0.000000    
0.000000    
0.000000    
0.000000    
0.000000    
0.000000    
0.000000    
0.000000    
0.000000    
0.000000    
0.000000    
0.000000    
0.000000    
0.000000    
0.000000    
0.000000    
0.000000    
0.000000    
0.000000    
0.000000    
0.000000    
0.000000    
0.000000    
0.000000    
0.000000    
0.000000    
0.000000    
0.000000    
0.000000    
0.000000    
0.000000    
0.000000    
0.000000    
0.000000    
0.000000    
0.000000    
0.000000    
0.000000    
0.000000    
0.000000    
0.000000    
0.000000    
0.000000    
0.000000    
0.000000    
0.000000    
0.000000    
0.000000    
0.000000    
0.000000    
0.000000    
0.000000    
0.000000    
0.000000    
0.000000    
0.000000    
0.000000    
0.000000    
0.000000    
0.000000    
0.000000    
0.000000    
0.000000    
0.000000    
0.000000    
0.000000    
0.000000    
0.000000    
0.000000    
0.000000    
0.000000    
0.000000    
0.000000    
0.000000    
0.000000    
0.000000    
0.000000    
0.000000    
0.000000    
0.000000    
0.000000    
0.000000    
0.000000    
0.000000    
0.000000    
0.000000    
0.000000    
0.000000    
0.000000    
0.000000    
0.000000    
0.000000    
0.000000    
0.000000    
0.000000    
0.000000    
0.000000    
0.000000    
0.000000    
0.000000    
0.000000    
0.000000    
0.000000    
0.000000    
0.000000    
0.000000    
0.000000    
0.000000    
0.000000    
0.000000    
0.000000    
0.000000    
0.000000    
0.000000    
0.000000    
0.000000    
0.000000    
0.000000    
0.000000    
0.000000    
0.000000    
0.000000    
0.000000    
0.000000    
0.000000    
0.000000    
0.000000    
0.000000    
0.000000    
0.000000    
0.000000    
0.000000    
0.000000    
0.000000    
0.000000    
0.000000    
0.000000    
0.000000    
0.000000    
0.000000    
0.000000    
0.000000    
0.000000    
0.000000    
0.000000    
0.000000    
0.000000    
0.000000    
0.000000    
0.000000    
0.000000    
0.000000    
0.000000    
0.000000    
0.000000    
0.000000    
0.000000    
0.000000    
0.000000    
0.000000    
0.000000    
0.000000    
0.000000    
0.000000    
0.000000    
0.000000    
0.000000    
0.000000    
0.000000    
0.000000    
0.000000    
0.000000    
0.000000    
0.000000    
0.000000    
0.000000    
0.000000    
0.000000    
0.000000    
0.000000    
0.000000    
0.000000    
0.000000    
0.000000    
0.000000    
0.000000    
0.000000    
0.000000    
0.000000    
0.000000    
0.000000    
0.000000    
0.000000    
0.000000    
0.000000    
0.000000    
0.000000    
0.000000    
0.000000    
0.000000    
0.000000    
0.000000    
0.000000    
0.000000    
0.000000    
0.000000    
0.000000    
0.000000    
0.000000    
0.000000    
0.000000    
0.000000    
0.000000    
0.000000    
0.000000    
0.000000    
0.000000    
0.000000    
0.000000    
0.000000    
0.000000    
0.000000    
0.000000    
0.000000    
0.000000    
0.000000    
0.000000    
0.000000    
0.000000    
0.000000    
0.000000    
0.000000    
0.000000    
0.000000    
0.000000    
0.000000    
0.000000    
0.000000    
0.000000    
0.000000    
0.000000    
0.000000    
0.000000    
0.000000    
0.000000    
0.000000    
0.000000    
0.000000    
0.000000    
0.000000    
0.000000    
0.000000    
0.000000    
0.000000    
0.000000    
0.000000    
0.000000    
0.000000    
0.000000    
0.000000    
0.000000    
0.000000    
0.000000    
0.000000    
0.000000    
0.000000    
0.000000    
0.000000    
0.000000    
0.000000    
0.000000    
0.000000    
0.000000    
0.000000    
0.000000    
0.000000    
0.000000    
0.000000    
0.000000    
0.000000    
0.000000    
0.000000    
0.000000    
0.000000    
0.000000    
0.000000    
0.000000    
0.000000    
0.000000    
0.000000    
0.000000    
0.000000    
0.000000    
0.000000    
0.000000    
0.000000    
0.000000    
0.000000    
0.000000    
0.000000    
0.000000    
0.000000    
0.000000    
0.000000    
0.000000    
0.000000    
0.000000    
0.000000    
0.000000    
0.000000    
0.000000    
0.000000    
0.000000    
0.000000    
0.000000    
0.000000    
0.000000    
0.000000    
0.000000    
0.000000    
0.000000    
0.000000    
0.000000    
0.000000    
0.000000    
0.000000    
0.000000    
0.000000    
0.000000    
0.000000    
0.000000    
0.000000    
0.000000    
0.000000    
0.000000    
0.000000    
0.000000    
0.000000    
0.000000    
0.000000    
0.000000    
0.000000    
0.000000    
0.000000    
0.000000    
0.000000    
0.000000    
0.000000    
0.000000    
0.000000    
0.000000    
0.000000    
0.000000    
0.000000    
0.000000    
0.000000    
0.000000    
0.000000    
0.000000    
0.000000    
0.000000    
0.000000    
0.000000    
0.000000    
0.000000    
0.000000    
0.000000    
0.000000    
0.000000    
0.000000    
0.000000    
0.000000    
0.000000    
0.000000    
0.000000    
0.000000    
0.000000    
0.000000    
0.000000    
0.000000    
0.000000    
0.000000    
0.000000    
0.000000    
0.000000    
0.000000    
0.000000    
0.000000    
0.000000    
0.000000    
0.000000    
0.000000    
0.000000    
0.000000    
0.000000    
0.000000    
0.000000    
0.000000    
0.000000    
0.000000    
0.000000    
0.000000    
0.000000    
0.000000    
0.000000    
0.000000    
0.000000    
0.000000    
0.000000    
0.000000    
0.000000    
0.000000    
0.000000    
0.000000    
0.000000    
0.000000    
0.000000    
0.000000    
0.000000    
0.000000    
0.000000    
0.000000    
0.000000    
0.000000    
0.000000    
0.000000    
0.000000    
0.000000    
0.000000    
0.000000    
0.000000    
0.000000    
0.000000    
0.000000    
0.000000    
0.000000    
0.000000    
0.000000    
0.000000    
0.000000    
0.000000    
0.000000    
0.000000    
0.000000    
0.000000    
0.000000    
0.000000    
0.000000    
0.000000    
0.000000    
0.000000    
0.000000    
0.000000    
0.000000    
0.000000    
0.000000    
0.000000    
0.000000    
0.000000    
0.000000    
0.000000    
0.000000    
0.000000    
0.000000    
0.000000    
0.000000    
0.000000    
0.000000    
0.000000    
0.000000    
0.000000    
0.000000    
0.000000    
0.000000    
0.000000    
0.000000    
0.000000    
0.000000    
0.000000    
0.000000    
0.000000    
0.000000    
0.000000    
0.000000    
0.000000    
0.000000    
0.000000    
0.000000    
0.000000    
0.000000    
0.000000    
0.000000    
0.000000    
0.000000    
0.000000    
0.000000    
0.000000    
0.000000    
0.000000    
0.000000    
0.000000    
0.000000    
0.000000    
0.000000    
0.000000    
0.000000    
0.000000    
0.000000    
0.000000    
0.000000    
0.000000    
0.000000    
0.000000    
0.000000    
0.000000    
0.000000    
0.000000    
0.000000    
0.000000    
0.000000    
0.000000    
0.000000    
0.000000    
0.000000    
0.000000    
0.000000    
0.000000    
0.000000    
0.000000    
0.000000    
0.000000    
0.000000    
0.000000    
0.000000    
0.000000    
0.000000    
0.000000    
0.000000    
0.000000    
0.000000    
0.000000    
0.000000    
0.000000    
0.000000    
0.000000    
0.000000    
0.000000    
0.000000    
0.000000    
0.000000    
0.000000    
0.000000    
0.000000    
0.000000    
0.000000    
0.000000    
0.000000    
0.000000    
0.000000    
0.000000    
0.000000    
0.000000    
0.000000    
0.000000    
0.000000    
0.000000    
0.000000    
0.000000    
0.000000    
0.000000    
0.000000    
0.000000    
0.000000    
0.000000    
0.000000    
0.000000    
0.000000    
0.000000    
0.000000    
0.000000    
0.000000    
0.000000    
0.000000    
0.000000    
0.000000    
0.000000    
0.000000    
0.000000    
0.000000    
0.000000    
0.000000    
0.000000    
0.000000    
0.000000    
0.000000    
0.000000    
0.000000    
0.000000    
0.000000    
0.000000    
0.000000    
0.000000    
0.000000    
0.000000    
0.000000    
0.000000    
0.000000    
0.000000    
0.000000    
0.000000    
0.000000    
0.000000    
0.000000    
0.000000    
0.000000    
0.000000    
0.000000    
0.000000    
0.000000    
0.000000    
0.000000    
0.000000    
0.000000    
0.000000    
0.000000    
0.000000    
0.000000    
0.000000    
0.000000    
0.000000    
0.000000    
0.000000    
0.000000    
0.000000    
0.000000    
0.000000    
0.000000    
0.000000    
0.000000    
0.000000    
0.000000    
0.000000    
0.000000    
0.000000    
0.000000    
0.000000    
0.000000    
0.000000    
0.000000    
0.000000    
0.000000    
0.000000    
0.000000    
0.000000    
0.000000    
0.000000    
0.000000    
0.000000    
0.000000    
0.000000    
0.000000    
0.000000    
0.000000    
0.000000    
0.000000    
0.000000    
0.000000    
0.000000    
0.000000    
0.000000    
0.000000    
0.000000    
0.000000    
0.000000    
0.000000    
0.000000    
0.000000    
0.000000    
0.000000    
0.000000    
0.000000    
0.000000    
0.000000    
0.000000    
0.000000    
0.000000    
0.000000    
0.000000    
0.000000    
0.000000    
0.000000    
0.000000    
0.000000    
0.000000    
0.000000    
0.000000    
0.000000    
0.000000    
0.000000    
0.000000    
0.000000    
0.000000    
0.000000    
0.000000    
0.000000    
0.000000    
0.000000    
0.000000    
0.000000    
0.000000    
0.000000    
0.000000    
0.000000    
0.000000    
0.000000    
0.000000    
0.000000    
0.000000    
0.000000    
0.000000    
0.000000    
0.000000    
0.000000    
0.000000    
0.000000    
0.000000    
0.000000    
0.000000    
0.000000    
0.000000    
0.000000    
0.000000    
0.000000    
0.000000    
0.000000    
0.000000    
0.000000    
0.000000    
0.000000    
0.000000    
0.000000    
0.000000    
0.000000    
0.000000    
0.000000    
0.000000    
0.000000    
0.000000    
0.000000    
0.000000    
0.000000    
0.000000    
0.000000    
0.000000    
0.000000    
0.000000    
0.000000    
0.000000    
0.000000    
0.000000    
0.000000    
0.000000    
0.000000    
0.000000    
0.000000    
0.000000    
0.000000    
0.000000    
0.000000    
0.000000    
0.000000    
0.000000    
0.000000    
0.000000    
0.000000    
0.000000    
0.000000    
0.000000    
0.000000    
0.000000    
0.000000    
0.000000    
0.000000    
0.000000    
0.000000    
0.000000    
0.000000    
0.000000    
0.000000    
0.000000    
0.000000    
0.000000    
0.000000    
0.000000    
0.000000    
0.000000    
0.000000    
0.000000    
0.000000    
0.000000    
0.000000    
0.000000    
0.000000    
0.000000    
0.000000    
0.000000    
0.000000    
0.000000    
0.000000    
0.000000    
0.000000    
0.000000    
0.000000    
0.000000    
0.000000    
0.000000    
0.000000    
0.000000    
0.000000    
0.000000    
0.000000    
0.000000    
0.000000    
0.000000    
0.000000    
0.000000    
0.000000    
0.000000    
0.000000    
0.000000    
0.000000    
0.000000    
0.000000    
0.000000    
0.000000    
0.000000    
0.000000    
0.000000    
0.000000    
0.000000    
0.000000    
0.000000    
0.000000    
0.000000    
0.000000    
0.000000    
0.000000    
0.000000    
0.000000    
0.000000    
0.000000    
0.000000    
0.000000    
0.000000    
0.000000    
0.000000    
0.000000    
0.000000    
0.000000    
0.000000    
0.000000    
0.000000    
0.000000    
0.000000    
0.000000    
0.000000    
0.000000    
0.000000    
0.000000    
0.000000    
0.000000    
0.000000    
0.000000    
0.000000    
0.000000    
0.000000    
0.000000    
0.000000    
0.000000    
0.000000    
0.000000    
0.000000    
0.000000    
0.000000    
0.000000    
0.000000    
0.000000    
0.000000    
0.000000    
0.000000    
0.000000    
0.000000    
0.000000    
0.000000    
0.000000    
0.000000    
0.000000    
0.000000    
0.000000    
0.000000    
0.000000    
0.000000    
0.000000    
0.000000    
0.000000    
0.000000    
0.000000    
0.000000    
0.000000    
0.000000    
0.000000    
0.000000    
0.000000    
0.000000    
0.000000    
0.000000    
0.000000    
0.000000    
0.000000    
0.000000    
0.000000    
0.000000    
0.000000    
0.000000    
0.000000    
0.000000    
0.000000    
0.000000    
0.000000    
0.000000    
0.000000    
0.000000    
0.000000    
0.000000    
0.000000    
0.000000    
0.000000    
0.000000    
0.000000    
0.000000    
0.000000    
0.000000    
0.000000    
0.000000    
0.000000    
0.000000    
0.000000    
0.000000    
0.000000    
0.000000    
0.000000    
0.000000    
0.000000    
0.000000    
0.000000    
0.000000    
0.000000    
0.000000    
0.000000    
0.000000    
0.000000    
0.000000    
0.000000    
0.000000    
0.000000    
0.000000    
0.000000    
0.000000    
0.000000    
0.000000    
0.000000    
0.000000    
0.000000    
0.000000    
0.000000    
0.000000    
0.000000    
0.000000    
0.000000    
0.000000    
0.000000    
0.000000    
0.000000    
0.000000    
0.000000    
0.000000    
0.000000    
0.000000    
0.000000    
0.000000    
0.000000    
0.000000    
0.000000    
0.000000    
0.000000    
0.000000    
0.000000    
0.000000    
0.000000    
0.000000    
0.000000    
0.000000    
0.000000    
0.000000    
0.000000    
0.000000    
0.000000    
0.000000    
0.000000    
0.000000    
0.000000    
0.000000    
0.000000    
0.000000    
0.000000    
0.000000    
0.000000    
0.000000    
0.000000    
0.000000    
0.000000    
0.000000    
0.000000    
0.000000    
0.000000    
0.000000    
0.000000    
0.000000    
0.000000    
0.000000    
0.000000    
0.000000    
0.000000    
0.000000    
0.000000    
0.000000    
0.000000    
0.000000    
0.000000    
0.000000    
0.000000    
0.000000    
0.000000    
0.000000    
0.000000    
0.000000    
0.000000    
0.000000    
0.000000    
0.000000    
0.000000    
0.000000    
0.000000    
0.000000    
0.000000    
0.000000    
0.000000    
0.000000    
0.000000    
0.000000    
0.000000    
0.000000    
0.000000    
0.000000    
0.000000    
0.000000    
0.000000    
0.000000    
0.000000    
0.000000    
0.000000    
0.000000    
0.000000    
0.000000    
0.000000    
0.000000    
0.000000    
0.000000    
0.000000    
0.000000    
0.000000    
0.000000    
0.000000    
0.000000    
0.000000    
0.000000    
0.000000    
0.000000    
0.000000    
0.000000    
0.000000    
0.000000    
0.000000    
0.000000    
0.000000    
0.000000    
0.000000    
0.000000    
0.000000    
0.000000    
0.000000    
0.000000    
0.000000    
0.000000    
0.000000    
0.000000    
0.000000    
0.000000    
0.000000    
0.000000    
0.000000    
0.000000    
0.209000    
0.207508    
0.206026    
0.204555    
0.203094    
0.201644    
0.200204    
0.198775    
0.197355    
0.195946    
0.194547    
0.193158    
0.191779    
0.190409    
0.189050    
0.187700    
0.186360    
0.185029    
0.183708    
0.182396    
0.181094    
0.179801    
0.178517    
0.177242    
0.175977    
0.174720    
0.173472    
0.172234    
0.171004    
0.169783    
0.168571    
0.167367    
0.166172    
0.164985    
0.163807    
0.162638    
0.161476    
0.160323    
0.159179    
0.158042    
0.156914    
0.155793    
0.154681    
0.153576    
